% nBus  slackBus  Us  epsilon
30 1 1.00 1e-4

% line data: (k  i  j  r      x       b/2)
41
1  1  2  0.02  0.06  0.015
2  1  3  0.05  0.19  0.010
3  2  4  0.06  0.17  0.010
4  3  4  0.01  0.04  0.000
5  2  5  0.05  0.20  0.010
6  2  6  0.06  0.18  0.010
7  4  6  0.01  0.04  0.000
8  5  7  0.05  0.12  0.005
9  6  7  0.03  0.08  0.005
10 6  8  0.01  0.04  0.000
11 6  9  0.00  0.21  0.000
12 6  10 0.00  0.56  0.000
13 9  11 0.00  0.21  0.000
14 9  10 0.00  0.11  0.000
15 4  12 0.00  0.26  0.000
16 12 13 0.00  0.14  0.000
17 12 14 0.12  0.26  0.000
18 12 15 0.07  0.13  0.000
19 12 16 0.09  0.20  0.000
20 14 15 0.22  0.20  0.000
21 16 17 0.08  0.19  0.000
22 15 18 0.11  0.22  0.000
23 18 19 0.06  0.13  0.000
24 19 20 0.03  0.07  0.000
25 10 20 0.09  0.21  0.000
26 10 17 0.03  0.08  0.000
27 10 21 0.03  0.07  0.000
28 10 22 0.07  0.15  0.000
29 21 22 0.01  0.02  0.000
30 15 23 0.10  0.20  0.000
31 22 24 0.12  0.18  0.000
32 23 24 0.13  0.27  0.000
33 24 25 0.19  0.33  0.000
34 25 26 0.25  0.38  0.000
35 25 27 0.11  0.21  0.000
36 28 27 0.00  0.40  0.000
37 27 29 0.22  0.42  0.000
38 27 30 0.32  0.60  0.000
39 29 30 0.24  0.45  0.000
40 8  28 0.06  0.20  0.010
41 6  28 0.02  0.06  0.005

% transformer data (not separated here)
0

% shunt branch data (Bs included in bus/branch, so set 0)
0

% bus power data: (k  i  PG  QG  PL  QL)  per-unit on 100 MVA
30
1   1   0.2354  0.0000  0.0000  0.0000
2   2   0.6097  0.0000  0.2170  0.1270
3   3   0.0000  0.0000  0.0240  0.0120
4   4   0.0000  0.0000  0.0760  0.0160
5   5   0.0000  0.0000  0.0000  0.0000
6   6   0.0000  0.0000  0.0000  0.0000
7   7   0.0000  0.0000  0.2280  0.1090
8   8   0.0000  0.0000  0.3000  0.3000
9   9   0.0000  0.0000  0.0000  0.0000
10  10  0.0000  0.0000  0.0580  0.0200
11  11  0.0000  0.0000  0.0000  0.0000
12  12  0.0000  0.0000  0.1120  0.0750
13  13  0.3700  0.0000  0.0000  0.0000
14  14  0.0000  0.0000  0.0620  0.0160
15  15  0.0000  0.0000  0.0820  0.0250
16  16  0.0000  0.0000  0.0350  0.0180
17  17  0.0000  0.0000  0.0900  0.0580
18  18  0.0000  0.0000  0.0320  0.0090
19  19  0.0000  0.0000  0.0950  0.0340
20  20  0.0000  0.0000  0.0220  0.0070
21  21  0.0000  0.0000  0.1750  0.1120
22  22  0.2159  0.0000  0.0000  0.0000
23  23  0.1920  0.0000  0.0320  0.0160
24  24  0.0000  0.0000  0.0870  0.0670
25  25  0.0000  0.0000  0.0000  0.0000
26  26  0.0000  0.0000  0.0350  0.0230
27  27  0.2691  0.0000  0.0000  0.0000
28  28  0.0000  0.0000  0.0000  0.0000
29  29  0.0000  0.0000  0.0240  0.0090
30  30  0.0000  0.0000  0.1060  0.0190

% PV bus data: (k  i  Vi  Qmin  Qmax)
5
1  2   1.00   -9e9  9e9
2  13  1.00   -9e9  9e9
3  22  1.00   -9e9  9e9
4  23  1.00   -9e9  9e9
5  27  1.00   -9e9  9e9